62,8
62,7
62,6
62,5
62,4
62,3
61,5
61,4
61,3
60,5
60,4
60,3
59,9
59,8
59,7
59,6
59,5
59,4
59,3
58,4
58,3
57,4
57,3
56,26
56,25
56,24
56,23
56,22
56,21
56,20
56,19
56,18
56,17
56,16
56,15
56,14
56,13
56,12
56,11
56,10
56,9
56,8
56,7
56,6
56,5
56,4
56,3
55,20
55,19
55,18
55,17
55,16
55,15
55,14
55,13
55,12
55,11
55,10
55,9
55,8
55,7
55,6
55,5
55,4
55,3
53,7
53,6
53,5
53,4
53,3
52,4
52,3
51,4
51,3
50,8
50,7
50,6
50,5
50,4
50,3
49,5
49,4
49,3
48,5
48,4
48,3
47,6
47,5
47,4
47,3
46,3
45,3
44,6
44,5
44,4
44,3
44,2
43,8
43,7
43,6
43,5
43,4
43,3
42,6
42,5
42,4
42,3
41,5
41,4
41,3
40,6
40,5
40,4
40,3
39,5
39,4
39,3
38,7
38,6
38,5
38,4
38,3
37,6
37,5
37,4
37,3
36,5
36,4
36,3
35,5
35,4
35,3
34,8
34,7
34,6
34,5
34,4
34,3
30,5
30,4
30,3
29,5
29,4
29,3
28,5
28,4
28,3
27,5
27,4
27,3
24,5
24,4
24,3
24,2
22,8
22,7
22,6
22,5
22,4
22,3
22,2
21,5
21,4
21,3
20,5
20,4
20,3
19,5
19,4
19,3
18,5
18,4
18,3
17,5
17,4
17,3
16,5
16,4
16,3
15,4
15,3
14,13
14,12
14,11
14,10
14,9
14,8
14,7
14,6
14,5
14,4
14,3
13,8
13,7
13,6
13,5
13,4
13,3
12,5
12,4
12,3
11,5
11,4
11,3
10,5
10,4
10,3
9,5
9,4
9,3
8,8
8,7
8,6
8,5
8,4
8,3
7,3
5,17
5,15
5,14
5,13
5,12
5,11
5,10
5,9
5,8
5,6
5,5
5,3
4,3
0,52
0,51
0,9
62,9
62,10
68,4
68,5
68,7
68,9
68,11
68,13
68,14
68,16
68,17
68,19
75,2
75,3
75,5
75,6
76,3
76,4
76,6
77,4
77,5
77,7
78,3
78,5
78,7
79,3
79,5
79,6
79,8
79,9
79,11
80,3
80,4
80,6
80,5
79,12
79,10
79,7
79,4
78,6
78,4
77,6
77,3
76,5
75,7
75,4
68,20
68,18
68,15
68,12
68,10
68,6
68,3
0,54
1,45
3,44
2,44
1,44
3,43
2,43
1,43
3,42
2,42
1,42
3,41
2,41
1,41
3,40
2,40
1,40
3,39
2,39
1,39
3,38
2,38
1,38
3,37
2,37
1,37
3,36
2,36
1,36
3,35
2,35
1,35
3,34
2,34
1,34
3,33
2,33
1,33
3,32
2,32
1,32
3,31
2,31
1,31
3,30
2,30
1,30
3,29
2,29
1,29
3,28
2,28
1,28
3,27
2,27
1,27
3,26
2,26
1,26
3,25
2,25
1,25
3,24
2,24
1,24
3,23
2,23
1,23
3,22
2,22
1,22
3,21
2,21
1,21
3,20
2,20
1,20
3,19
2,19
1,19
3,18
2,18
1,18
3,17
2,17
1,17
3,16
2,16
1,16
3,15
2,15
1,15
3,14
2,14
1,14
3,13
2,13
1,13
3,12
2,12
1,12
3,11
2,11
1,11
3,10
2,10
1,10
3,9
2,9
1,9
3,8
2,8
1,8
3,7
2,7
1,7
3,6
2,6
1,6
3,5
2,5
1,5
3,4
2,4
1,4
3,3
3,0
2,3
2,0
1,3
1,0
0,6
0,0
0,47
0,46
0,49
0,48
0,45
0,12
0,50
0,10
0,8
0,53
0,11
0,5
0,7
0,4
0,3
